call B_pro(622,2021-11-22,2,1,2,401,97543,0,3)
call B_pro(86,2021-01-06,3,0,1,402,null,2,2)
call B_pro(872,2021-05-30,2,1,4,403,86167,0,3)
call B_pro(668,2021-08-12,3,1,4,404,46830,0,3)
call B_pro(339,2021-10-10,2,1,z,405,35764,0,3)
call B_pro(780,2021-09-27,5,0,3,406,88944,0,1)
call B_pro(806,2021-05-14,4,1,1,407,59139,1,3)
call B_pro(95,2021-08-22,1,1,4,408,44157,1,1)
call B_pro(849,2021-09-25,1,1,2,409,75390,0,1)
call B_pro(820,2021-04-28,5,0,1,410,null,2,1)
call B_pro(493,2021-04-18,4,0,3,411,49882,0,2)
call B_pro(143,2021-06-09,2,1,1,412,78477,2,4)
call B_pro(830,2021-06-09,3,1,3,413,55482,1,3)
call B_pro(390,2021-05-12,2,0,3,414,null,2,2)
call B_pro(725,2021-06-20,5,0,1,415,67086,1,1)
call B_pro(53,2021-01-01,4,1,2,416,88164,1,2)
call B_pro(891,2021-12-19,4,1,3,417,40992,0,1)
call B_pro(596,2021-12-25,1,0,2,418,12983,1,2)
call B_pro(1,2021-01-24,4,1,2,419,null,2,3)
call B_pro(512,2021-02-14,1,0,3,420,63384,2,1)
call B_pro(709,2021-07-30,2,0,4,421,83187,1,2)
call B_pro(287,2021-08-16,4,0,3,422,54347,0,2)
call B_pro(979,2021-06-08,1,0,2,423,62198,2,1)
call B_pro(581,2021-10-10,5,0,4,424,46093,0,2)
call B_pro(727,2021-12-10,1,1,4,425,97630,2,1)
call B_pro(887,2021-11-28,4,0,4,426,70173,0,3)
call B_pro(393,2021-06-19,5,1,2,427,88418,1,2)
call B_pro(520,2021-04-25,2,1,4,428,62630,2,2)
call B_pro(893,2021-11-14,4,1,2,429,80976,1,1)
call B_pro(201,2021-09-03,3,1,1,430,96639,2,1)
call B_pro(333,2021-03-17,3,1,3,431,35503,2,2)
call B_pro(656,2021-11-02,1,1,4,432,91650,2,2)
call B_pro(179,2021-09-23,4,1,1,433,23225,0,1)
call B_pro(828,2021-04-12,3,0,2,434,null,2,4)
call B_pro(159,2021-08-04,3,0,3,435,17802,1,1)
call B_pro(13,2021-02-06,2,0,4,436,20436,1,4)
call B_pro(179,2021-12-10,4,0,1,437,null,2,2)
call B_pro(657,2021-02-17,5,1,3,438,57291,0,2)
call B_pro(304,2021-02-24,4,0,1,439,69301,0,1)
call B_pro(166,2021-05-25,3,1,4,440,13298,1,2)
call B_pro(991,2021-05-16,4,0,4,441,76584,2,4)
call B_pro(845,2021-05-13,3,0,4,442,26879,2,2)
call B_pro(834,2021-10-23,2,1,2,443,81602,0,4)
call B_pro(339,2021-01-16,1,0,3,444,71814,2,3)
call B_pro(554,2021-09-27,2,0,1,445,72905,1,4)
call B_pro(898,2021-01-05,1,0,2,446,26936,1,2)
call B_pro(277,2021-09-16,5,1,1,447,35900,1,3)
call B_pro(127,2021-08-06,4,0,1,448,57339,1,2)
call B_pro(921,2021-09-12,2,0,2,449,77829,0,2)
call B_pro(480,2021-12-12,5,1,3,450,82861,0,1)
call B_pro(186,2021-03-04,1,1,1,451,78882,2,1)
call B_pro(553,2021-08-23,5,1,3,452,75201,0,1)
call B_pro(573,2021-03-28,2,0,4,453,77419,0,3)
call B_pro(336,2021-12-12,4,0,1,454,34011,1,3)
call B_pro(866,2021-02-23,2,1,3,455,null,2,1)
call B_pro(727,2021-01-21,4,0,1,456,90798,1,2)
call B_pro(374,2021-03-29,4,1,1,457,71081,2,2)
call B_pro(195,2021-12-30,1,0,4,458,18258,1,1)
call B_pro(251,2021-07-02,3,0,3,459,null,2,2)
call B_pro(707,2021-07-28,3,0,3,460,91186,0,3)
call B_pro(396,2021-11-23,1,1,1,461,46675,1,1)
call B_pro(342,2021-03-07,4,0,3,462,90293,0,1)
call B_pro(999,2021-07-18,2,1,2,463,null,1,4)
call B_pro(663,2021-01-10,3,1,2,464,14942,2,1)
call B_pro(494,2021-09-03,4,1,1,465,46107,0,1)
call B_pro(547,2021-05-10,3,0,4,466,68768,2,1)
call B_pro(910,2021-06-12,1,1,3,467,73562,2,2)
call B_pro(554,2021-06-16,1,0,3,468,45955,1,5)
call B_pro(758,2021-10-22,2,0,3,469,85834,0,1)
call B_pro(888,2021-12-02,1,1,2,470,19982,1,1)
call B_pro(18,2021-02-18,1,0,4,471,56011,2,2)
call B_pro(114,2021-03-12,2,1,1,472,65566,1,3)
call B_pro(481,2021-05-20,4,0,2,473,71230,0,1)
call B_pro(292,2021-02-13,1,1,1,474,92403,2,1)
call B_pro(375,2021-08-24,5,0,3,475,45949,1,1)
call B_pro(888,2021-01-06,3,1,4,476,57492,2,2)
call B_pro(561,2021-02-08,4,1,3,477,66129,2,1)
call B_pro(247,2021-04-16,3,0,4,478,88908,2,2)
call B_pro(429,2021-04-07,5,0,3,479,41431,2,1)
call B_pro(279,2021-04-29,1,1,3,480,null,2,2)
call B_pro(504,2021-05-28,2,1,4,481,19619,2,2)
call B_pro(204,2021-10-02,5,0,1,482,14677,2,1)
call B_pro(722,2021-02-14,3,0,4,483,55137,1,4)
call B_pro(160,2021-08-26,2,1,3,484,30257,0,4)
call B_pro(960,2021-02-17,3,0,4,485,72229,1,3)
call B_pro(726,2021-10-30,3,0,2,486,null,1,2)
call B_pro(545,2021-01-18,4,0,4,487,34217,1,1)
call B_pro(719,2021-11-18,3,0,2,488,20864,1,3)
call B_pro(768,2021-09-27,4,0,2,489,28900,2,1)
call B_pro(752,2021-04-08,1,1,3,490,37746,1,1)
call B_pro(375,2021-12-25,4,0,4,491,34959,0,2)
call B_pro(331,2021-03-31,1,1,4,492,80574,2,2)
call B_pro(268,2021-06-28,4,1,2,493,23306,2,2)
call B_pro(784,2021-09-01,1,0,4,494,81034,2,1)
call B_pro(448,2021-06-22,1,1,1,495,24553,1,4)
call B_pro(443,2021-03-22,2,0,3,496,67328,1,2)
call B_pro(220,2021-06-19,4,1,3,497,45379,2,3)
call B_pro(369,2021-04-26,3,0,4,498,17641,1,1)
call B_pro(406,2021-05-13,1,1,2,499,27152,0,1)
call B_pro(810,2021-12-28,4,1,1,500,null,2,1)
call B_pro(310,2021-03-30,5,1,2,501,13352,2,1)
call B_pro(13,2021-09-25,3,1,4,502,20221,1,5)
call B_pro(78,2021-11-28,3,0,2,503,88708,2,1)
call B_pro(116,2021-04-09,5,0,3,504,null,2,2)
call B_pro(409,2021-09-07,2,0,4,505,16497,2,1)
call B_pro(55,2021-12-25,3,1,1,506,26842,2,2)
call B_pro(287,2021-07-05,4,1,4,507,65454,0,3)
call B_pro(207,2021-10-14,4,0,4,508,68364,0,1)
call B_pro(520,2021-05-29,5,1,2,509,26416,2,3)
call B_pro(107,2021-05-06,4,1,3,510,24631,1,3)
call B_pro(172,2021-01-05,3,0,3,511,56612,2,3)
call B_pro(179,2021-08-15,3,0,1,512,13403,2,3)
call B_pro(559,2021-09-08,2,0,3,513,80846,1,2)
call B_pro(120,2021-03-28,2,1,4,514,95121,1,4)
call B_pro(164,2021-03-29,5,0,2,515,69262,1,2)
call B_pro(184,2021-05-09,5,1,2,516,85309,0,1)
call B_pro(538,2021-08-18,4,1,4,517,null,2,1)
call B_pro(251,2021-08-06,3,0,2,518,36297,2,3)
call B_pro(393,2021-07-10,2,0,2,519,47600,0,3)
call B_pro(256,2021-12-01,4,0,2,520,68206,1,1)
call B_pro(860,2021-07-19,2,1,2,521,25571,0,2)
call B_pro(761,2021-11-19,1,0,2,522,null,1,2)
call B_pro(405,2021-10-05,5,0,3,523,42032,1,2)
call B_pro(753,2021-08-04,2,1,3,524,41552,0,1)
call B_pro(325,2021-05-21,4,1,2,525,null,0,4)
call B_pro(570,2021-09-01,4,0,1,526,94065,0,1)
call B_pro(397,2021-03-01,4,1,4,527,10253,1,1)
call B_pro(645,2021-04-19,4,1,3,528,95254,0,2)
call B_pro(107,2021-12-10,4,0,3,529,26576,0,4)
call B_pro(604,2021-03-16,5,0,1,530,null,0,1)
call B_pro(926,2021-10-29,1,0,2,531,83678,1,2)
call B_pro(256,2021-09-18,5,0,4,532,94099,1,2)
call B_pro(694,2021-09-14,4,1,1,533,16090,2,1)
call B_pro(696,2021-06-17,3,1,4,534,91100,1,1)
call B_pro(78,2021-03-21,3,1,4,535,46110,1,2)
call B_pro(636,2021-10-06,5,0,3,536,50428,0,1)
call B_pro(986,2021-07-07,3,0,1,537,null,1,1)
call B_pro(308,2021-03-03,1,0,1,538,43938,0,1)
call B_pro(154,2021-10-15,3,0,2,539,70429,2,1)
call B_pro(202,2021-10-03,2,0,1,540,93287,1,1)
call B_pro(734,2021-05-24,2,0,4,541,65925,2,1)
call B_pro(829,2021-07-23,2,1,3,542,20232,1,1)
call B_pro(715,2021-01-08,2,1,3,543,32078,0,2)
call B_pro(534,2021-08-09,2,1,3,544,null,0,1)
call B_pro(843,2021-07-23,1,1,1,545,46837,1,3)
call B_pro(784,2021-12-09,4,1,4,546,79716,2,2)
call B_pro(786,2021-01-21,2,0,2,547,31720,2,1)
call B_pro(818,2021-04-02,2,0,4,548,null,2,2)
call B_pro(936,2021-03-11,2,0,4,549,72000,2,3)
call B_pro(808,2021-05-04,4,0,3,550,80832,1,1)
call B_pro(85,2021-07-01,4,0,4,551,45538,1,3)
call B_pro(157,2021-05-30,2,0,4,552,85721,1,2)
call B_pro(763,2021-04-09,2,0,2,553,44278,0,4)
call B_pro(660,2021-05-17,4,0,3,554,10549,2,2)
call B_pro(434,2021-08-11,4,1,1,555,87281,1,1)
call B_pro(286,2021-07-17,3,1,1,556,52575,1,1)
call B_pro(235,2021-07-23,1,0,2,557,null,2,1)
call B_pro(67,2021-09-28,5,0,4,558,71915,2,2)
call B_pro(703,2021-08-12,3,1,3,559,52815,2,1)
call B_pro(532,2021-11-20,5,1,1,560,null,1,2)
call B_pro(121,2021-11-22,1,1,4,561,null,2,2)
call B_pro(471,2021-03-05,1,1,4,562,24179,1,2)
call B_pro(766,2021-03-06,3,1,4,563,85051,0,2)
call B_pro(944,2021-05-31,5,1,1,564,71802,0,2)
call B_pro(384,2021-06-05,1,0,2,565,22362,0,2)
call B_pro(284,2021-10-29,4,1,2,566,42597,0,1)
call B_pro(215,2021-04-06,1,1,3,567,76943,2,1)
call B_pro(990,2021-09-01,1,0,1,568,41593,1,1)
call B_pro(482,2021-02-10,4,1,1,569,39301,2,1)
call B_pro(82,2021-10-11,3,0,3,570,94700,0,1)
call B_pro(497,2021-06-11,5,1,2,571,33946,1,1)
call B_pro(566,2021-12-17,4,0,2,572,42030,0,1)
call B_pro(642,2021-04-06,1,1,3,573,52042,0,1)
call B_pro(635,2021-04-15,3,0,3,574,48281,0,1)
call B_pro(469,2021-09-27,4,0,3,575,32576,1,1)
call B_pro(221,2021-07-20,4,1,4,576,null,1,1)
call B_pro(759,2021-12-07,2,0,1,577,13920,0,1)
call B_pro(295,2021-07-25,1,1,1,578,63797,1,2)
call B_pro(316,2021-03-16,4,0,1,579,37234,2,2)
call B_pro(383,2021-03-03,1,1,2,580,27227,0,3)
call B_pro(192,2021-11-30,3,1,4,581,null,0,2)
call B_pro(513,2021-01-21,5,1,2,582,32944,0,2)
call B_pro(970,2021-07-26,2,0,3,583,null,1,1)
call B_pro(98,2021-01-24,1,1,1,584,13167,1,1)
call B_pro(156,2021-03-25,2,1,2,585,25530,0,1)
call B_pro(169,2021-08-09,2,1,2,586,21488,0,3)
call B_pro(928,2021-03-29,2,0,2,587,null,1,1)
call B_pro(293,2021-05-06,3,0,2,588,87402,2,2)
call B_pro(787,2021-04-26,3,1,4,589,99226,0,1)
call B_pro(759,2021-12-28,3,0,1,590,10531,0,2)
call B_pro(556,2021-03-12,2,0,3,591,10076,0,2)
call B_pro(175,2021-07-11,2,0,4,592,25644,1,2)
call B_pro(163,2021-02-27,1,1,3,593,63882,1,1)
call B_pro(382,2021-03-23,2,1,3,594,20751,2,2)
call B_pro(337,2021-07-21,4,1,2,595,23463,0,1)
call B_pro(557,2021-08-11,4,0,3,596,46643,0,1)
call B_pro(290,2021-03-10,3,1,2,597,88151,1,2)
call B_pro(162,2021-02-06,1,1,4,598,31072,1,1)
call B_pro(820,2021-12-28,5,1,4,599,45683,0,2)
call B_pro(20,2021-04-23,3,0,4,600,19412,1,4)
call B_pro(763,2021-11-15,4,0,4,601,64472,1,5)
call B_pro(426,2021-01-24,4,0,1,602,99279,1,5)
call B_pro(742,2021-10-04,3,0,2,603,71532,2,1)
call B_pro(193,2021-01-04,2,1,3,604,16819,1,3)
call B_pro(361,2021-07-19,1,0,1,605,17472,1,2)
call B_pro(188,2021-08-06,3,1,4,606,null,2,2)
call B_pro(503,2021-07-07,1,1,1,607,80210,2,1)
call B_pro(979,2021-02-12,4,1,2,608,53998,1,2)
call B_pro(340,2021-01-28,3,0,2,609,null,2,1)
call B_pro(943,2021-06-24,3,0,1,610,57200,0,1)
call B_pro(373,2021-04-08,3,1,1,611,null,2,3)
call B_pro(800,2021-09-17,4,1,3,612,null,1,2)
call B_pro(712,2021-08-25,2,0,4,613,81107,1,3)
call B_pro(193,2021-12-27,2,0,1,614,24074,2,4)
call B_pro(96,2021-09-16,5,1,3,615,73428,0,2)
call B_pro(602,2021-07-08,1,0,1,616,68395,0,2)
call B_pro(780,2021-04-02,5,0,1,617,65473,1,2)
call B_pro(987,2021-05-30,4,1,1,618,51295,0,2)
call B_pro(782,2021-02-27,3,1,1,619,79323,0,1)
call B_pro(84,2021-03-04,2,1,1,620,47187,0,1)
call B_pro(905,2021-01-30,2,0,3,621,37631,2,1)
call B_pro(217,2021-09-23,2,0,4,622,null,2,2)
call B_pro(611,2021-06-09,1,0,1,623,75264,2,2)
call B_pro(976,2021-07-31,2,0,4,624,38725,1,3)
call B_pro(769,2021-02-14,5,0,4,625,79874,1,1)
call B_pro(840,2021-06-10,4,0,1,626,null,2,2)
call B_pro(994,2021-04-22,4,0,4,627,30082,0,1)
call B_pro(196,2021-06-19,4,1,3,628,38765,1,3)
call B_pro(789,2021-08-10,2,0,2,629,10995,2,4)
call B_pro(682,2021-11-13,5,1,1,630,18334,0,3)
call B_pro(26,2021-08-27,3,0,4,631,63195,0,2)
call B_pro(628,2021-03-05,1,0,3,632,17080,0,1)
call B_pro(326,2021-05-06,5,0,2,633,64831,2,1)
call B_pro(517,2021-10-10,5,0,3,634,50699,1,2)
call B_pro(407,2021-06-04,3,1,3,635,null,0,3)
call B_pro(325,2021-09-09,4,0,2,636,72623,0,5)
call B_pro(133,2021-07-05,4,1,2,637,38873,2,1)
call B_pro(561,2021-12-27,3,0,2,638,22243,2,2)
call B_pro(302,2021-06-22,1,1,2,639,14844,1,1)
call B_pro(560,2021-04-07,5,1,3,640,99389,1,2)
call B_pro(257,2021-10-04,2,1,1,641,12169,1,1)
call B_pro(902,2021-09-10,4,1,2,642,89298,0,1)
call B_pro(840,2021-04-25,5,1,4,643,64674,0,3)
call B_pro(215,2021-04-15,5,0,3,644,53396,2,2)
call B_pro(625,2021-11-25,4,0,1,645,80751,2,2)
call B_pro(398,2021-11-06,5,0,3,646,22206,0,1)
call B_pro(116,2021-04-22,4,0,1,647,96750,0,2)
call B_pro(82,2021-12-16,1,0,1,648,25456,1,2)
call B_pro(660,2021-01-17,1,1,3,649,null,2,3)
call B_pro(699,2021-09-08,5,1,4,650,57613,1,2)
call B_pro(46,2021-01-09,3,1,3,651,91384,1,2)
call B_pro(942,2021-10-29,5,0,2,652,32458,2,3)
call B_pro(162,2021-01-19,4,0,4,653,81341,1,2)
call B_pro(524,2021-10-29,3,1,4,654,52654,2,3)
call B_pro(793,2021-07-03,4,0,4,655,null,2,2)
call B_pro(275,2021-10-08,5,1,2,656,85623,2,2)
call B_pro(573,2021-02-22,5,0,1,657,89227,0,3)
call B_pro(281,2021-02-18,1,1,1,658,null,2,2)
call B_pro(54,2021-07-10,2,0,3,659,74348,2,1)
call B_pro(618,2021-03-05,2,1,1,660,56406,0,3)
call B_pro(501,2021-08-31,4,0,4,661,93176,2,1)
call B_pro(564,2021-07-13,3,1,2,662,null,0,3)
call B_pro(657,2021-09-09,1,0,4,663,99014,1,3)
call B_pro(545,2021-01-22,1,1,4,664,25124,0,2)
call B_pro(513,2021-10-08,4,1,2,665,88319,0,3)
call B_pro(991,2021-05-15,4,1,1,666,42736,1,4)
call B_pro(9,2021-05-28,4,1,2,667,67753,1,2)
call B_pro(790,2021-06-02,1,0,3,668,45643,2,2)
call B_pro(275,2021-07-18,1,1,2,669,82792,2,3)
call B_pro(11,2021-12-15,4,1,3,670,89598,2,3)
call B_pro(745,2021-10-25,2,0,2,671,23242,2,1)
call B_pro(825,2021-06-19,5,0,4,672,45844,2,3)
call B_pro(774,2021-08-15,3,0,3,673,18191,0,2)
call B_pro(826,2021-01-21,5,1,3,674,86997,1,1)
call B_pro(602,2021-09-08,3,1,4,675,33077,0,3)
call B_pro(286,2021-08-31,4,1,4,676,81654,0,2)
call B_pro(570,2021-05-24,2,1,1,677,49136,2,2)
call B_pro(717,2021-04-03,3,1,4,678,null,0,2)
call B_pro(609,2021-08-18,4,0,3,679,29879,2,1)
call B_pro(368,2021-11-05,2,0,2,680,null,2,2)
call B_pro(339,2021-11-16,2,1,3,681,36172,0,4)
call B_pro(804,2021-10-19,3,0,3,682,32886,0,1)
call B_pro(833,2021-05-24,3,1,4,683,null,2,2)
call B_pro(788,2021-05-24,2,0,4,684,18584,2,1)
call B_pro(77,2021-10-27,2,0,1,685,69726,1,1)
call B_pro(367,2021-09-22,3,0,1,686,61012,0,1)
call B_pro(453,2021-06-08,1,0,1,687,null,1,2)
call B_pro(243,2021-04-01,3,0,1,688,13167,2,2)
call B_pro(746,2021-04-13,5,0,4,689,23358,2,4)
call B_pro(373,2021-01-12,5,1,3,690,30820,2,4)
call B_pro(316,2021-12-01,2,0,1,691,null,1,3)
call B_pro(833,2021-05-22,2,0,2,692,23245,2,3)
call B_pro(796,2021-10-30,3,1,2,693,19217,0,1)
call B_pro(818,2021-06-07,3,1,4,694,33565,0,3)
call B_pro(276,2021-01-27,4,1,2,695,null,0,1)
call B_pro(571,2021-01-20,3,0,3,696,89969,2,2)
call B_pro(312,2021-06-08,3,1,2,697,69364,1,1)
call B_pro(129,2021-01-17,2,1,1,698,71652,0,2)
call B_pro(901,2021-06-02,1,1,3,699,92038,2,1)
call B_pro(736,2021-05-03,4,0,3,700,77197,0,2)
call B_pro(51,2021-02-28,5,1,4,701,47641,0,1)
call B_pro(122,2021-09-23,1,1,4,702,null,1,2)
call B_pro(188,2021-04-14,4,1,4,703,83499,1,3)
call B_pro(613,2021-10-14,2,1,4,704,37310,2,3)
call B_pro(746,2021-12-25,3,0,4,705,67435,0,5)
call B_pro(12,2021-11-18,5,1,4,706,12570,0,2)
call B_pro(207,2021-08-08,5,1,4,707,68934,0,2)
call B_pro(237,2021-12-13,4,1,2,708,null,0,2)
call B_pro(333,2021-05-20,4,1,1,709,95867,2,3)
call B_pro(987,2021-07-19,5,0,4,710,null,2,3)
call B_pro(388,2021-08-07,5,0,4,711,98866,2,1)
call B_pro(82,2021-10-10,5,1,4,712,55600,1,3)
call B_pro(504,2021-01-11,1,0,2,713,39918,2,3)
call B_pro(759,2021-09-23,3,1,3,714,11581,0,3)
call B_pro(365,2021-09-06,3,1,4,715,59738,0,1)
call B_pro(824,2021-06-27,3,0,1,716,42799,0,2)
call B_pro(419,2021-04-14,3,1,1,717,28421,0,1)
call B_pro(177,2021-02-22,3,1,4,718,60996,2,1)
call B_pro(122,2021-06-08,4,0,4,719,43658,2,3)
call B_pro(328,2021-01-02,2,0,3,720,null,2,1)
call B_pro(586,2021-11-11,2,1,2,721,75070,1,1)
call B_pro(512,2021-05-09,4,0,2,722,54382,2,2)
call B_pro(781,2021-10-26,4,0,4,723,82947,0,2)
call B_pro(158,2021-12-18,5,0,4,724,73570,2,2)
call B_pro(419,2021-07-07,5,0,3,725,90989,2,2)
call B_pro(591,2021-12-08,2,1,3,726,null,2,3)
call B_pro(709,2021-06-28,5,1,1,727,17498,2,3)
call B_pro(820,2021-12-22,5,0,1,728,27573,2,3)
call B_pro(974,2021-05-20,4,0,3,729,34144,2,1)
call B_pro(994,2021-05-18,1,0,2,730,61519,2,2)
call B_pro(646,2021-01-13,5,1,2,731,21247,0,4)
call B_pro(654,2021-03-04,5,1,3,732,null,2,2)
call B_pro(835,2021-04-08,5,1,4,733,16789,1,1)
call B_pro(855,2021-01-18,3,0,4,734,25276,1,3)
call B_pro(680,2021-05-15,5,0,4,735,51201,2,1)
call B_pro(896,2021-05-28,4,1,2,736,13186,2,1)
call B_pro(766,2021-03-24,1,0,3,737,null,2,3)
call B_pro(581,2021-03-07,5,1,1,738,19613,2,2)
call B_pro(328,2021-07-29,1,0,4,739,27303,2,2)
call B_pro(341,2021-04-28,3,0,1,740,66546,2,1)
call B_pro(958,2021-09-18,4,0,1,741,29030,0,1)
call B_pro(692,2021-03-11,3,0,4,742,81758,0,4)
call B_pro(34,2021-03-10,5,0,2,743,77422,0,2)
call B_pro(54,2021-01-03,1,0,1,744,83287,1,2)
call B_pro(26,2021-07-07,2,0,3,745,39717,1,2)
call B_pro(647,2021-08-28,3,0,3,746,83009,0,3)
call B_pro(357,2021-09-28,5,0,4,747,86357,0,1)
call B_pro(472,2021-09-26,4,1,1,748,75713,2,1)
call B_pro(124,2021-05-07,1,1,3,749,77115,0,4)
call B_pro(787,2021-12-28,1,1,3,750,30990,0,2)
call B_pro(800,2021-08-08,2,1,3,751,65299,0,2)
call B_pro(71,2021-02-27,1,0,1,752,44151,1,2)
call B_pro(395,2021-06-28,5,1,2,753,61907,0,2)
call B_pro(276,2021-01-12,2,1,4,754,null,1,2)
call B_pro(104,2021-09-29,2,0,4,755,86883,0,2)
call B_pro(914,2021-10-29,4,0,2,756,10866,1,1)
call B_pro(356,2021-06-16,3,1,2,757,38375,2,2)
call B_pro(418,2021-12-20,5,0,4,758,87703,1,1)
call B_pro(254,2021-05-05,1,1,1,759,48034,2,1)
call B_pro(475,2021-08-16,2,1,3,760,null,0,2)
call B_pro(683,2021-11-19,1,0,1,761,72998,1,2)
call B_pro(776,2021-04-28,1,1,2,762,68068,0,1)
call B_pro(445,2021-11-04,3,1,3,763,null,2,1)
call B_pro(156,2021-11-17,1,0,3,764,72919,1,2)
call B_pro(670,2021-06-29,2,0,1,765,58547,2,1)
call B_pro(837,2021-09-19,5,1,4,766,56284,1,2)
call B_pro(291,2021-08-26,1,1,3,767,null,0,3)
call B_pro(889,2021-11-10,4,0,1,768,96480,2,1)
call B_pro(787,2021-08-30,5,0,4,769,37655,1,3)
call B_pro(944,2021-12-26,1,1,1,770,91836,1,3)
call B_pro(552,2021-03-18,1,0,4,771,38206,2,2)
call B_pro(884,2021-03-02,3,1,3,772,21296,1,1)
call B_pro(734,2021-09-16,4,1,3,773,41779,2,2)
call B_pro(552,2021-05-11,2,0,3,774,48515,1,3)
call B_pro(194,2021-11-09,2,0,2,775,21562,2,1)
call B_pro(436,2021-06-02,2,0,2,776,55612,2,1)
call B_pro(851,2021-05-17,3,0,3,777,null,1,2)
call B_pro(727,2021-02-06,1,0,4,778,46552,2,3)
call B_pro(449,2021-10-24,4,1,2,779,64517,2,1)
call B_pro(109,2021-07-24,1,1,4,780,56279,1,2)
call B_pro(755,2021-11-18,4,1,1,781,57673,2,2)
call B_pro(487,2021-08-05,3,1,4,782,76144,0,1)
call B_pro(150,2021-11-04,5,1,3,783,null,1,2)
call B_pro(317,2021-12-28,5,1,1,784,17226,1,1)
call B_pro(747,2021-08-21,5,0,2,785,null,0,2)
call B_pro(740,2021-01-13,1,0,1,786,13131,0,2)
call B_pro(249,2021-10-07,3,0,1,787,17390,2,1)
call B_pro(402,2021-09-01,4,0,1,788,26400,1,3)
call B_pro(746,2021-06-21,3,0,2,789,51654,2,6)
call B_pro(468,2021-01-18,1,0,4,790,77956,0,2)
call B_pro(30,2021-07-06,4,1,4,791,53557,1,1)
call B_pro(988,2021-06-10,2,0,4,792,15579,2,2)
call B_pro(93,2021-01-01,3,0,2,793,11716,2,1)
call B_pro(186,2021-08-05,2,0,3,794,57385,0,2)
call B_pro(666,2021-08-29,4,0,1,795,98710,2,1)
call B_pro(878,2021-03-24,3,0,4,796,68621,1,1)
call B_pro(636,2021-01-04,5,1,4,797,28672,1,2)
call B_pro(760,2021-08-31,3,1,4,798,null,0,1)
call B_pro(663,2021-03-15,1,0,2,799,43619,2,2)
call B_pro(605,2021-02-20,1,0,3,800,53537,0,1)
call B_pro(672,2021-01-08,1,0,3,801,83915,0,3)
call B_pro(345,2021-05-13,3,0,1,802,43587,1,3)
call B_pro(137,2021-04-09,3,0,2,803,null,2,1)
call B_pro(701,2021-04-24,4,1,3,804,93442,0,1)
call B_pro(299,2021-08-31,4,0,3,805,93006,0,2)
call B_pro(157,2021-11-10,2,1,4,806,50403,2,3)
call B_pro(308,2021-01-18,1,1,3,807,86909,1,2)
call B_pro(11,2021-07-12,4,0,1,808,null,0,4)
call B_pro(676,2021-09-16,4,1,1,809,55196,2,1)
call B_pro(406,2021-12-08,3,0,2,810,47546,2,2)
call B_pro(13,2021-11-23,3,1,4,811,81601,1,5)
call B_pro(88,2021-10-30,4,1,4,812,56574,0,1)
call B_pro(805,2021-06-21,4,1,1,813,28445,2,1)
call B_pro(430,2021-06-27,5,0,3,814,null,1,1)
call B_pro(200,2021-06-18,4,0,3,815,24027,0,3)
call B_pro(830,2021-04-21,1,1,2,816,44180,0,4)
call B_pro(77,2021-03-12,3,1,2,817,19116,0,2)
call B_pro(146,2021-09-03,4,1,4,818,52843,0,1)
call B_pro(37,2021-02-18,3,0,2,819,21427,2,1)
call B_pro(877,2021-02-09,3,0,2,820,null,0,1)
call B_pro(368,2021-06-28,1,1,1,821,40839,1,3)
call B_pro(479,2021-11-05,3,1,4,822,35338,2,1)
call B_pro(769,2021-07-05,1,1,2,823,82526,0,2)
call B_pro(542,2021-01-23,2,0,4,824,null,2,2)
call B_pro(580,2021-03-28,1,0,1,825,65193,1,1)
call B_pro(255,2021-06-19,4,0,4,826,15630,2,1)
call B_pro(327,2021-11-17,5,0,1,827,57635,0,2)
call B_pro(751,2021-01-12,2,1,3,828,null,0,1)
call B_pro(396,2021-01-16,5,1,1,829,34522,0,2)
call B_pro(36,2021-03-11,3,1,3,830,83280,2,1)
call B_pro(831,2021-02-20,1,1,4,831,26811,1,2)
call B_pro(251,2021-11-15,4,0,3,832,55633,2,4)
call B_pro(21,2021-02-28,4,1,4,833,80558,2,3)
call B_pro(38,2021-09-22,3,1,1,834,63557,0,2)
call B_pro(656,2021-08-29,2,0,1,835,41467,0,3)
call B_pro(501,2021-10-13,3,0,2,836,90865,0,2)
call B_pro(256,2021-09-08,4,1,1,837,13103,0,3)
call B_pro(78,2021-03-15,4,1,4,838,36603,2,3)
call B_pro(79,2021-11-20,4,0,3,839,31128,1,1)
call B_pro(641,2021-12-18,3,1,4,840,21653,2,2)
call B_pro(73,2021-09-23,1,0,2,841,null,0,1)
call B_pro(191,2021-10-04,4,0,1,842,82488,0,2)
call B_pro(923,2021-09-24,2,0,4,843,96378,2,1)
call B_pro(66,2021-08-22,4,0,2,844,51122,0,1)
call B_pro(965,2021-01-05,1,0,4,845,87741,0,1)
call B_pro(900,2021-04-03,5,1,4,846,92971,0,2)
call B_pro(549,2021-02-21,2,0,2,847,87478,1,1)
call B_pro(98,2021-08-21,3,0,3,848,null,0,2)
call B_pro(447,2021-05-14,3,0,2,849,84774,2,2)
call B_pro(358,2021-02-17,4,1,2,850,43660,0,1)
call B_pro(573,2021-10-18,2,1,1,851,null,1,4)
call B_pro(973,2021-12-19,4,0,3,852,49102,2,1)
call B_pro(730,2021-07-14,3,1,4,853,22463,2,1)
call B_pro(366,2021-03-16,5,0,1,854,null,1,2)
call B_pro(854,2021-12-18,5,1,4,855,96251,0,2)
call B_pro(962,2021-07-08,3,1,4,856,82742,1,2)
call B_pro(54,2021-04-21,5,0,4,857,40629,2,3)
call B_pro(102,2021-11-06,1,0,3,858,91631,0,1)
call B_pro(449,2021-08-10,2,0,2,859,64790,1,2)
call B_pro(80,2021-04-15,1,0,3,860,null,0,2)
call B_pro(718,2021-03-09,1,1,1,861,98369,0,2)
call B_pro(590,2021-02-04,3,0,4,862,58080,1,1)
call B_pro(21,2021-09-09,2,0,1,863,35566,0,4)
call B_pro(697,2021-06-20,3,0,4,864,40423,1,1)
call B_pro(782,2021-10-06,1,0,4,865,37263,0,2)
call B_pro(217,2021-12-02,5,0,2,866,56593,1,3)
call B_pro(198,2021-01-06,2,1,4,867,null,1,1)
call B_pro(392,2021-02-10,3,1,1,868,10544,2,2)
call B_pro(723,2021-05-06,3,0,2,869,26413,2,1)
call B_pro(321,2021-04-04,5,1,2,870,40126,0,2)
call B_pro(889,2021-12-31,5,1,4,871,82175,0,2)
call B_pro(244,2021-12-19,5,1,2,872,99295,1,1)
call B_pro(704,2021-11-12,2,1,4,873,99196,0,2)
call B_pro(738,2021-09-24,5,1,4,874,null,2,1)
call B_pro(463,2021-02-09,1,0,3,875,44263,2,1)
call B_pro(60,2021-07-08,3,0,4,876,84977,0,1)
call B_pro(192,2021-04-25,3,1,1,877,99399,0,2)
call B_pro(770,2021-08-19,1,0,4,878,null,1,2)
call B_pro(107,2021-01-12,1,0,2,879,30959,2,5)
call B_pro(904,2021-04-09,4,0,3,880,64597,1,2)
call B_pro(167,2021-05-06,4,0,2,881,null,1,1)
call B_pro(553,2021-07-22,3,1,3,882,90011,0,2)
call B_pro(494,2021-08-02,5,0,1,883,87333,1,2)
call B_pro(44,2021-06-05,1,1,4,884,25482,2,1)
call B_pro(674,2021-09-20,4,1,4,885,null,1,1)
call B_pro(443,2021-04-04,4,0,3,886,92156,1,3)
call B_pro(29,2021-06-01,3,0,3,887,56072,2,1)
call B_pro(113,2021-01-30,2,0,1,888,null,2,1)
call B_pro(868,2021-06-23,5,1,3,889,85783,2,2)
call B_pro(834,2021-08-10,5,1,3,890,47751,0,5)
call B_pro(552,2021-03-30,2,1,1,891,null,0,4)
call B_pro(741,2021-10-08,5,1,2,892,null,0,2)
call B_pro(622,2021-01-06,5,1,4,893,24308,0,2)
call B_pro(389,2021-03-30,4,0,3,894,66068,0,3)
call B_pro(545,2021-11-25,5,1,1,895,85141,2,3)
call B_pro(840,2021-02-22,4,0,3,896,16594,1,4)
call B_pro(619,2021-03-30,4,1,1,897,11551,1,1)
call B_pro(824,2021-07-08,4,1,2,898,14939,2,3)
call B_pro(394,2021-05-28,4,0,3,899,88783,1,1)
call B_pro(641,2021-12-03,2,1,2,900,65497,1,3)
call B_pro(70,2021-09-22,1,1,4,901,62294,1,1)
call B_pro(756,2021-02-16,2,1,3,902,82312,0,1)
call B_pro(628,2021-05-23,4,0,4,903,null,1,2)
call B_pro(877,2021-10-01,3,1,2,904,44349,0,2)
call B_pro(299,2021-06-17,2,1,4,905,31770,1,3)
call B_pro(530,2021-05-12,1,0,1,906,52897,2,1)
call B_pro(844,2021-08-02,2,0,2,907,40207,1,1)
call B_pro(426,2021-12-05,1,0,2,908,null,1,5)
call B_pro(706,2021-02-11,5,1,3,909,82290,1,2)
call B_pro(696,2021-11-16,5,0,1,910,61637,1,2)
call B_pro(575,2021-03-16,3,0,3,911,null,1,1)
call B_pro(645,2021-04-24,2,1,4,912,18755,0,2)
call B_pro(990,2021-11-05,5,1,1,913,97135,1,2)
call B_pro(158,2021-03-05,4,1,1,914,15512,1,3)
call B_pro(200,2021-12-16,4,1,4,915,32055,2,4)
call B_pro(978,2021-11-25,2,1,3,916,34581,0,1)
call B_pro(626,2021-02-26,3,0,1,917,null,2,1)
call B_pro(556,2021-05-11,1,1,2,918,null,1,3)
call B_pro(30,2021-09-02,4,1,1,919,null,1,2)
call B_pro(113,2021-07-04,4,1,3,920,null,1,2)
call B_pro(823,2021-03-05,4,0,3,921,null,2,1)
call B_pro(616,2021-06-09,3,1,1,922,null,1,1)
call B_pro(21,2021-04-10,4,0,3,923,null,1,5)
call B_pro(436,2021-04-29,2,1,2,924,null,2,2)
call B_pro(61,2021-08-05,4,1,4,925,68809,0,2)
call B_pro(986,2021-09-07,3,0,3,926,88544,0,2)
call B_pro(469,2021-01-10,1,1,4,927,34287,1,2)
call B_pro(764,2021-10-18,1,0,4,928,null,0,1)
call B_pro(524,2021-10-22,1,1,3,929,null,1,3)
call B_pro(124,2021-05-20,1,0,2,930,null,0,3)
call B_pro(116,2021-02-21,1,1,3,931,null,2,3)
call B_pro(456,2021-12-13,3,0,3,932,null,0,1)
call B_pro(610,2021-07-09,3,0,2,933,null,0,1)
call B_pro(743,2021-09-18,5,1,3,934,null,0,3)
call B_pro(253,2021-08-11,3,1,4,935,null,0,1)
call B_pro(793,2021-10-07,2,0,3,936,42075,2,2)
call B_pro(972,2021-11-29,4,1,2,937,64801,2,1)
call B_pro(6,2021-12-06,4,1,1,938,89916,0,2)
call B_pro(948,2021-01-06,4,0,1,939,79220,0,1)
call B_pro(705,2021-12-26,1,1,1,940,71946,1,1)
call B_pro(244,2021-09-15,3,0,1,941,75969,2,2)
call B_pro(132,2021-09-20,2,1,4,942,96950,0,1)
call B_pro(266,2021-09-01,3,1,1,943,88487,0,2)
call B_pro(413,2021-09-13,5,1,2,944,18925,1,2)
call B_pro(950,2021-02-10,4,1,4,945,55912,2,4)
call B_pro(266,2021-02-23,4,0,1,946,55633,2,3)
call B_pro(205,2021-04-02,1,1,3,947,53861,2,2)
call B_pro(813,2021-02-25,5,1,2,948,null,1,1)
call B_pro(274,2021-12-13,3,1,2,949,null,2,2)
call B_pro(688,2021-10-07,5,1,1,950,null,1,2)
call B_pro(71,2021-06-03,4,0,2,951,34599,1,3)
call B_pro(180,2021-08-28,3,0,4,952,33193,0,1)
call B_pro(638,2021-12-30,2,1,3,953,50953,1,2)
call B_pro(931,2021-09-19,2,0,1,954,14193,0,1)
call B_pro(847,2021-07-27,1,0,4,955,38995,0,2)
call B_pro(537,2021-09-19,3,0,1,956,72881,2,1)
call B_pro(518,2021-05-01,3,0,2,957,99118,1,1)
call B_pro(583,2021-06-01,4,0,1,958,22683,2,1)
call B_pro(734,2021-08-25,2,0,4,959,97226,0,3)
call B_pro(504,2021-01-06,3,0,3,960,15704,1,4)
call B_pro(337,2021-10-02,1,0,3,961,24987,1,2)
call B_pro(96,2021-05-19,2,1,1,962,18714,2,3)
call B_pro(940,2021-12-21,5,0,3,963,79411,0,2)
call B_pro(263,2021-05-22,5,0,4,964,60552,2,2)
call B_pro(145,2021-06-12,1,0,1,965,57134,0,1)
call B_pro(198,2021-04-25,3,1,3,966,60524,1,2)
call B_pro(809,2021-09-02,2,0,2,967,37494,2,1)
call B_pro(278,2021-05-23,3,1,4,968,null,2,4)
call B_pro(996,2021-02-11,4,0,4,969,null,2,1)
call B_pro(581,2021-10-24,1,0,4,970,null,1,3)
call B_pro(718,2021-02-22,2,0,3,971,null,2,3)
call B_pro(289,2021-11-17,2,0,3,972,56571,1,1)
call B_pro(440,2021-09-16,3,0,3,973,43045,1,2)
call B_pro(884,2021-05-22,3,1,4,974,82091,2,2)
call B_pro(135,2021-11-27,5,1,4,975,72710,1,2)
call B_pro(289,2021-03-29,5,1,2,976,39229,0,2)
call B_pro(268,2021-10-08,1,0,2,977,37881,1,3)
call B_pro(145,2021-01-01,1,1,2,978,null,0,2)
call B_pro(901,2021-02-18,1,1,1,979,null,0,2)
call B_pro(708,2021-12-17,1,0,2,980,null,0,1)
call B_pro(696,2021-07-07,5,0,1,981,null,0,3)
call B_pro(878,2021-07-06,3,0,2,982,null,0,2)
call B_pro(270,2021-04-18,2,1,3,983,null,1,2)
call B_pro(641,2021-02-18,3,1,3,984,null,1,4)
call B_pro(816,2021-06-23,1,0,3,985,null,1,1)
call B_pro(559,2021-07-29,3,0,2,986,null,2,3)
call B_pro(410,2021-11-22,4,1,3,987,27333,0,1)
call B_pro(416,2021-03-27,2,0,3,988,90130,1,1)
call B_pro(662,2021-11-29,1,1,3,989,29863,2,2)
call B_pro(605,2021-03-03,5,0,1,990,97841,0,2)
call B_pro(91,2021-10-23,3,1,4,991,92923,1,2)
call B_pro(770,2021-10-19,2,0,3,992,64480,1,3)
call B_pro(400,2021-01-12,1,1,2,993,null,0,1)
call B_pro(681,2021-01-27,2,1,3,994,null,0,1)
call B_pro(634,2021-12-27,3,0,3,995,null,0,2)
call B_pro(438,2021-11-24,4,0,1,996,null,2,2)
call B_pro(252,2021-05-07,1,1,1,997,null,1,1)
call B_pro(181,2021-11-29,2,1,2,998,null,2,2)
call B_pro(192,2021-12-05,3,0,3,999,null,0,3)
call B_pro(733,2021-02-08,5,1,3,1000,61609,1,1)
call B_pro(657,2021-12-27,2,0,2,1001,71564,2,4)
call B_pro(581,2021-01-30,2,1,3,1002,33793,1,4)
call B_pro(138,2021-09-12,2,1,3,1003,25892,2,1)
call B_pro(769,2021-03-05,3,1,1,1004,12742,1,3)
call B_pro(928,2021-10-24,4,1,2,1005,96562,0,2)
call B_pro(297,2021-08-15,2,0,1,1006,39325,0,2)
call B_pro(563,2021-09-25,2,0,2,1007,37975,0,1)
call B_pro(810,2021-12-29,1,0,4,1008,94841,0,2)
call B_pro(876,2021-12-24,3,0,3,1009,56094,2,2)
call B_pro(217,2021-08-12,4,0,4,1010,46694,2,3)
call B_pro(771,2021-05-22,1,0,4,1011,70595,0,1)
call B_pro(23,2021-04-08,2,0,4,1012,94737,1,2)
call B_pro(181,2021-05-19,1,1,1,1013,null,1,3)
call B_pro(704,2021-07-25,4,1,3,1014,null,1,3)
call B_pro(311,2021-05-06,2,0,1,1015,null,1,2)
call B_pro(71,2021-03-16,4,0,3,1016,null,0,4)
call B_pro(632,2021-05-22,5,0,1,1017,null,2,1)
call B_pro(925,2021-08-15,2,0,2,1018,null,0,2)
call B_pro(745,2021-11-30,5,0,1,1019,null,1,2)
call B_pro(464,2021-04-01,2,0,2,1020,31394,1,3)
call B_pro(981,2021-04-11,4,1,3,1021,11858,1,1)
call B_pro(26,2021-11-05,4,1,3,1022,22507,2,3)
call B_pro(602,2021-02-08,3,0,3,1023,18993,0,4)
call B_pro(493,2021-12-16,1,1,4,1024,16847,2,2)
call B_pro(67,2021-04-29,3,0,1,1025,null,2,3)
call B_pro(213,2021-02-18,5,1,1,1026,null,1,2)
call B_pro(160,2021-05-10,1,1,3,1027,null,1,4)
call B_pro(167,2021-01-20,4,0,1,1028,null,2,2)
call B_pro(565,2021-06-02,2,0,3,1029,null,0,1)
call B_pro(947,2021-01-29,4,1,3,1030,null,2,3)
call B_pro(477,2021-02-18,2,0,1,1031,87399,2,2)
call B_pro(123,2021-01-07,5,0,1,1032,84265,0,2)
call B_pro(286,2021-12-01,4,0,1,1033,88878,2,3)
call B_pro(119,2021-07-25,5,1,2,1034,13252,0,1)
call B_pro(972,2021-07-18,3,0,2,1035,10786,1,2)
call B_pro(650,2021-12-03,3,0,2,1036,87781,0,2)
call B_pro(146,2021-09-04,3,1,3,1037,41011,1,2)
call B_pro(486,2021-11-21,4,0,3,1038,null,2,1)
call B_pro(633,2021-03-15,4,0,3,1039,null,2,2)
call B_pro(15,2021-04-06,5,0,1,1040,null,2,1)
call B_pro(669,2021-08-03,5,1,4,1041,null,0,1)
call B_pro(599,2021-12-16,3,0,2,1042,null,2,1)
call B_pro(130,2021-02-28,3,0,4,1043,null,2,1)
call B_pro(798,2021-06-26,2,0,3,1044,73044,1,1)
call B_pro(498,2021-02-04,5,1,4,1045,43984,1,1)
call B_pro(815,2021-07-26,3,1,4,1046,77131,0,1)
call B_pro(631,2021-12-06,2,1,3,1047,22002,0,1)
call B_pro(750,2021-04-09,3,0,2,1048,15972,1,1)
call B_pro(119,2021-07-11,1,0,1,1049,20060,2,2)
call B_pro(341,2021-12-23,1,0,2,1050,82717,0,2)
call B_pro(762,2021-06-13,2,1,4,1051,97535,1,1)
call B_pro(312,2021-08-14,4,1,1,1052,67499,0,2)
call B_pro(832,2021-06-18,4,0,3,1053,91800,0,2)
call B_pro(35,2021-04-28,5,1,3,1054,22484,2,2)
call B_pro(41,2021-08-29,2,0,3,1055,63030,2,1)
call B_pro(155,2021-01-09,3,1,4,1056,48018,1,1)
call B_pro(903,2021-09-09,3,0,2,1057,76727,1,1)
call B_pro(745,2021-11-07,1,1,2,1058,31412,2,3)
call B_pro(450,2021-03-24,1,0,2,1059,null,0,2)
call B_pro(741,2021-06-20,1,0,4,1060,null,2,2)
call B_pro(223,2021-08-12,1,1,3,1061,null,0,1)
call B_pro(51,2021-04-26,5,0,3,1062,null,1,2)
call B_pro(845,2021-01-16,3,1,1,1063,23874,0,3)
call B_pro(244,2021-01-19,5,0,3,1064,42721,1,3)
call B_pro(391,2021-11-19,3,1,1,1065,34004,2,2)
call B_pro(327,2021-08-12,3,0,3,1066,85516,2,3)
call B_pro(699,2021-07-13,1,1,4,1067,44928,2,3)
call B_pro(438,2021-01-09,4,1,3,1068,78140,0,3)
call B_pro(818,2021-09-04,5,0,3,1069,93228,2,4)
call B_pro(507,2021-08-19,4,0,3,1070,31897,1,2)
call B_pro(794,2021-03-30,1,1,1,1071,20007,1,1)
call B_pro(56,2021-06-10,1,0,2,1072,96946,0,2)
call B_pro(646,2021-11-11,5,0,4,1073,null,0,3)
call B_pro(538,2021-10-18,2,0,3,1074,null,1,2)
call B_pro(418,2021-04-22,1,1,1,1075,null,1,2)
call B_pro(26,2021-07-06,5,1,1,1076,null,0,4)
call B_pro(143,2021-10-16,4,0,2,1077,null,2,3)
call B_pro(435,2021-07-14,2,1,1,1078,null,1,1)
call B_pro(968,2021-12-27,4,0,1,1079,14170,2,2)
call B_pro(332,2021-04-04,1,1,3,1080,69073,1,1)
call B_pro(941,2021-02-07,1,1,1,1081,84401,1,2)
call B_pro(719,2021-03-30,2,1,3,1082,26150,1,2)
call B_pro(717,2021-11-24,4,0,4,1083,55723,1,2)
call B_pro(372,2021-10-16,2,1,2,1084,28002,1,2)
call B_pro(902,2021-11-18,4,0,2,1085,null,1,2)
call B_pro(890,2021-05-23,4,0,1,1086,null,1,1)
call B_pro(55,2021-08-31,4,1,3,1087,null,1,2)
call B_pro(84,2021-10-31,3,1,3,1088,null,0,2)
call B_pro(34,2021-06-15,4,0,2,1089,null,0,3)
call B_pro(300,2021-07-12,2,0,4,1090,null,1,1)
call B_pro(314,2021-12-31,4,0,2,1091,null,1,2)
call B_pro(103,2021-06-20,3,0,4,1092,null,0,1)
call B_pro(772,2021-08-19,3,0,2,1093,45258,0,1)
call B_pro(235,2021-04-12,5,1,3,1094,24257,2,2)
call B_pro(517,2021-08-15,5,0,4,1095,39683,0,2)
call B_pro(593,2021-06-06,3,0,3,1096,55005,2,1)
call B_pro(907,2021-01-16,3,1,3,1097,77816,0,2)
call B_pro(855,2021-02-11,3,0,2,1098,51334,2,2)
call B_pro(828,2021-08-08,2,1,2,1099,95174,1,2)
call B_pro(388,2021-02-20,3,0,3,1100,16181,2,2)
call B_pro(251,2021-06-05,4,0,1,1101,16730,0,4)
call B_pro(523,2021-02-13,2,0,1,1102,59197,1,3)
call B_pro(934,2021-06-27,1,0,4,1103,15398,1,1)
call B_pro(956,2021-04-23,4,0,4,1104,41622,2,1)
call B_pro(947,2021-01-19,2,0,4,1105,42401,2,2)
call B_pro(813,2021-11-15,1,1,2,1106,57119,1,2)
call B_pro(917,2021-04-17,4,0,2,1107,59493,0,1)
call B_pro(136,2021-08-27,2,0,4,1108,90448,2,1)
call B_pro(762,2021-10-28,5,1,4,1109,12874,0,2)
call B_pro(16,2021-08-06,5,1,2,1110,59015,0,1)
call B_pro(895,2021-09-27,2,0,2,1111,29685,0,2)
call B_pro(333,2021-06-12,1,1,1,1112,null,0,4)
call B_pro(422,2021-05-12,2,1,4,1113,null,0,1)
call B_pro(379,2021-03-02,4,0,1,1114,null,1,1)
call B_pro(222,2021-02-21,3,1,1,1115,null,2,1)
call B_pro(429,2021-07-10,5,1,4,1116,93339,2,2)
call B_pro(891,2021-12-15,4,0,4,1117,60609,0,2)
call B_pro(732,2021-03-11,2,1,1,1118,31386,1,1)
call B_pro(263,2021-12-26,2,1,3,1119,45241,0,3)
call B_pro(232,2021-03-22,3,0,1,1120,76629,1,1)
call B_pro(236,2021-03-05,3,1,1,1121,76711,0,1)
call B_pro(716,2021-08-13,2,1,2,1122,51740,0,1)
call B_pro(583,2021-09-05,1,1,2,1123,31856,2,2)
call B_pro(26,2021-10-29,4,1,4,1124,37390,0,5)
call B_pro(936,2021-07-25,5,0,3,1125,96947,2,4)
call B_pro(632,2021-12-17,5,1,1,1126,null,0,2)
call B_pro(990,2021-11-24,3,0,4,1127,null,2,3)
call B_pro(655,2021-05-15,1,0,1,1128,null,2,2)
call B_pro(524,2021-04-10,4,1,1,1129,null,1,3)
call B_pro(92,2021-11-19,5,1,4,1130,null,1,1)
call B_pro(692,2021-03-09,2,0,2,1131,null,1,3)
call B_pro(883,2021-11-20,2,0,3,1132,56892,2,1)
call B_pro(535,2021-09-17,4,1,2,1133,69406,2,1)
call B_pro(774,2021-11-23,2,1,3,1134,48894,0,2)
call B_pro(320,2021-03-09,4,0,4,1135,99692,1,1)
call B_pro(518,2021-07-24,2,1,3,1136,54829,2,2)
call B_pro(825,2021-02-19,1,1,4,1137,78359,0,3)
call B_pro(504,2021-09-06,1,0,2,1138,74317,2,4)
call B_pro(562,2021-03-25,1,0,2,1139,94418,0,2)
call B_pro(565,2021-06-18,5,0,4,1140,54718,0,2)
call B_pro(422,2021-11-30,4,0,3,1141,14734,1,2)
call B_pro(305,2021-09-07,3,0,2,1142,50435,2,1)
call B_pro(365,2021-10-14,1,0,2,1143,55156,2,2)
call B_pro(239,2021-11-06,5,1,3,1144,88220,1,1)
call B_pro(4,2021-09-08,1,1,1,1145,84566,0,1)
call B_pro(49,2021-12-20,4,0,1,1146,29522,1,2)
call B_pro(468,2021-05-17,4,0,4,1147,47494,1,2)
call B_pro(203,2021-06-08,5,1,3,1148,23642,0,1)
call B_pro(936,2021-01-02,4,0,3,1149,70857,1,5)
call B_pro(88,2021-08-23,3,1,3,1150,59793,2,2)
call B_pro(64,2021-12-16,3,1,1,1151,46046,2,1)
call B_pro(622,2021-03-11,3,0,2,1152,95912,2,3)
call B_pro(24,2021-09-03,1,1,1,1153,44520,2,1)
call B_pro(305,2021-10-12,4,0,4,1154,18070,2,2)
call B_pro(3,2021-06-13,5,0,2,1155,26492,1,1)
call B_pro(105,2021-10-07,1,1,2,1156,72198,2,1)
call B_pro(701,2021-03-12,3,0,1,1157,41674,2,2)
call B_pro(13,2021-10-04,4,0,1,1158,null,2,4)
call B_pro(428,2021-04-25,4,0,2,1159,null,2,1)
call B_pro(488,2021-11-21,4,1,3,1160,null,1,1)
call B_pro(984,2021-07-04,5,1,2,1161,null,0,1)
call B_pro(411,2021-01-21,2,1,1,1162,null,1,1)
call B_pro(526,2021-10-29,4,0,1,1163,98210,2,1)
call B_pro(571,2021-02-01,1,1,2,1164,24691,0,2)
call B_pro(746,2021-05-22,1,0,4,1165,75528,2,5)
call B_pro(635,2021-03-10,4,0,3,1166,90368,0,2)
call B_pro(159,2021-02-07,2,0,1,1167,65550,0,2)
call B_pro(86,2021-12-26,3,1,3,1168,21952,0,3)
call B_pro(463,2021-01-05,2,0,2,1169,79747,2,2)
call B_pro(701,2021-02-23,4,0,3,1170,26871,2,3)
call B_pro(136,2021-12-17,4,1,1,1171,27116,1,2)
call B_pro(30,2021-02-19,1,1,1,1172,66896,2,3)
call B_pro(279,2021-08-07,3,0,1,1173,18946,2,2)
call B_pro(785,2021-07-12,5,0,4,1174,83181,1,1)
call B_pro(223,2021-09-12,1,1,2,1175,22895,0,2)
call B_pro(115,2021-09-06,5,0,2,1176,21184,0,1)
call B_pro(114,2021-05-07,1,1,4,1177,60354,1,3)
call B_pro(296,2021-07-20,3,0,4,1178,97149,1,2)
call B_pro(1,2021-03-18,3,1,3,1179,76453,2,2)
call B_pro(336,2021-03-20,3,1,2,1180,90508,2,2)
call B_pro(74,2021-02-23,3,1,3,1181,83251,2,1)
call B_pro(80,2021-12-27,5,0,4,1182,null,1,2)
call B_pro(925,2021-02-06,5,1,1,1183,null,2,3)
call B_pro(107,2021-09-25,5,1,3,1184,null,1,4)
call B_pro(759,2021-09-28,2,1,1,1185,85201,0,4)
call B_pro(889,2021-04-14,5,1,2,1186,74003,1,3)
call B_pro(109,2021-12-12,4,0,4,1187,19202,0,2)
call B_pro(119,2021-06-17,4,0,4,1188,15888,0,3)
call B_pro(764,2021-04-29,2,1,2,1189,37345,0,2)
call B_pro(429,2021-07-02,4,0,1,1190,21332,0,3)
call B_pro(150,2021-09-24,2,0,1,1191,40825,2,2)
call B_pro(922,2021-08-24,3,0,2,1192,25846,0,1)
call B_pro(80,2021-03-11,3,0,3,1193,16165,1,3)
call B_pro(290,2021-01-30,4,0,1,1194,74338,1,3)
call B_pro(896,2021-02-21,1,1,2,1195,65928,1,2)
call B_pro(357,2021-04-06,5,0,4,1196,23550,0,2)
call B_pro(700,2021-11-09,2,0,1,1197,91122,2,1)
call B_pro(716,2021-12-22,3,1,4,1198,63245,2,2)
call B_pro(195,2021-09-04,2,0,3,1199,null,1,2)
call B_pro(882,2021-12-26,3,1,1,1200,null,0,1)
call B_pro(11,2021-06-10,3,0,4,1201,null,1,4)
call B_pro(529,2021-01-09,1,1,1,1202,24438,1,2)
call B_pro(281,2021-09-30,1,1,1,1203,79154,0,2)
call B_pro(724,2021-02-08,4,1,4,1204,78318,0,1)
call B_pro(802,2021-05-05,4,1,2,1205,56518,0,1)
call B_pro(882,2021-12-11,3,0,2,1206,89710,2,2)
call B_pro(491,2021-07-24,2,0,2,1207,19488,1,1)
call B_pro(227,2021-03-22,1,1,4,1208,31097,0,1)
call B_pro(591,2021-12-30,3,1,1,1209,98122,2,3)
call B_pro(896,2021-08-29,4,1,3,1210,45753,2,3)
call B_pro(825,2021-01-31,1,1,4,1211,18514,2,3)
call B_pro(347,2021-05-05,4,1,3,1212,null,2,1)
call B_pro(830,2021-02-07,3,1,2,1213,null,1,5)
call B_pro(417,2021-08-06,2,1,3,1214,null,1,1)
call B_pro(716,2021-02-25,3,0,1,1215,null,0,3)
call B_pro(942,2021-10-28,1,0,3,1216,null,0,3)
call B_pro(643,2021-06-26,5,0,4,1217,null,1,1)
call B_pro(134,2021-04-23,4,0,2,1218,88413,0,1)
call B_pro(143,2021-08-12,2,1,1,1219,53295,0,4)
call B_pro(819,2021-10-26,3,1,3,1220,58175,0,1)
call B_pro(600,2021-12-19,1,0,1,1221,60135,0,1)
call B_pro(667,2021-02-05,2,0,3,1222,46743,1,1)
call B_pro(437,2021-12-31,4,1,1,1223,52984,1,1)
call B_pro(935,2021-02-24,4,1,3,1224,39672,0,2)
call B_pro(880,2021-07-13,2,0,1,1225,90537,1,1)
call B_pro(48,2021-07-23,3,1,4,1226,70422,0,1)
call B_pro(5,2021-07-22,1,1,4,1227,53610,0,1)
call B_pro(702,2021-03-16,1,0,3,1228,null,2,2)
call B_pro(582,2021-01-15,5,1,4,1229,null,0,1)
call B_pro(848,2021-09-30,1,1,1,1230,null,0,1)
call B_pro(648,2021-01-25,4,1,4,1231,null,1,2)
call B_pro(497,2021-06-04,5,0,4,1232,null,0,2)
call B_pro(356,2021-10-24,2,0,1,1233,null,2,2)
call B_pro(872,2021-03-15,2,0,2,1234,null,2,2)
call B_pro(618,2021-04-11,2,1,1,1235,70001,1,3)
call B_pro(172,2021-12-12,5,0,3,1236,80059,2,4)
call B_pro(387,2021-10-10,1,0,1,1237,99265,2,1)
call B_pro(975,2021-12-06,1,1,3,1238,37974,1,3)
call B_pro(416,2021-07-02,4,1,2,1239,42317,0,2)
call B_pro(529,2021-04-30,4,0,1,1240,12015,2,2)
call B_pro(204,2021-03-14,4,0,4,1241,79426,2,2)
call B_pro(769,2021-10-26,4,1,3,1242,34706,1,4)
call B_pro(780,2021-04-21,1,0,4,1243,50511,1,3)
call B_pro(210,2021-05-22,3,1,1,1244,29816,1,1)
call B_pro(291,2021-10-03,4,1,3,1245,41588,2,3)
call B_pro(709,2021-07-27,1,1,3,1246,85757,2,3)
call B_pro(229,2021-05-29,1,0,3,1247,13403,2,1)
call B_pro(951,2021-11-08,3,0,4,1248,41010,1,1)
call B_pro(319,2021-12-30,4,0,2,1249,79489,0,1)
call B_pro(842,2021-12-25,3,1,2,1250,33013,1,1)
call B_pro(179,2021-12-07,2,1,4,1251,null,0,4)
call B_pro(430,2021-06-11,3,0,2,1252,null,1,2)
call B_pro(217,2021-12-29,2,0,4,1253,null,1,4)
call B_pro(255,2021-07-06,1,0,1,1254,null,2,2)
call B_pro(965,2021-06-27,4,1,1,1255,null,2,2)
call B_pro(639,2021-07-18,2,1,4,1256,73433,0,1)
call B_pro(766,2021-05-25,3,0,2,1257,92586,0,4)
call B_pro(450,2021-03-13,2,0,4,1258,98413,1,3)
call B_pro(927,2021-03-17,4,1,1,1259,44040,0,1)
call B_pro(645,2021-10-29,5,1,2,1260,75908,0,3)
call B_pro(924,2021-09-03,5,1,3,1261,49481,0,1)
call B_pro(400,2021-12-31,3,0,3,1262,56804,1,2)
call B_pro(570,2021-09-29,4,0,3,1263,null,1,3)
call B_pro(113,2021-04-16,5,1,4,1264,null,0,3)
call B_pro(585,2021-08-04,2,1,1,1265,null,1,1)
call B_pro(942,2021-12-23,5,1,3,1266,null,0,4)
call B_pro(173,2021-06-01,5,0,1,1267,37820,1,1)
call B_pro(330,2021-03-08,4,0,1,1268,41315,1,1)
call B_pro(386,2021-07-29,5,0,1,1269,18604,2,1)
call B_pro(34,2021-09-02,2,0,4,1270,12421,0,3)
call B_pro(873,2021-12-15,2,1,2,1271,39776,0,1)
call B_pro(159,2021-01-26,3,0,1,1272,32118,0,3)
call B_pro(478,2021-01-13,5,1,3,1273,10393,1,1)
call B_pro(7,2021-11-13,1,1,3,1274,40421,0,1)
call B_pro(184,2021-06-28,1,1,1,1275,18970,2,2)
call B_pro(112,2021-08-03,3,1,2,1276,34451,0,1)
call B_pro(772,2021-06-08,2,1,2,1277,null,1,2)
call B_pro(143,2021-04-06,1,1,3,1278,null,2,5)
call B_pro(183,2021-11-18,3,1,3,1279,null,2,1)
call B_pro(648,2021-03-02,5,0,4,1280,null,0,2)
call B_pro(427,2021-10-31,3,1,1,1281,51753,2,1)
call B_pro(615,2021-01-07,3,0,2,1282,92771,2,1)
call B_pro(996,2021-01-05,1,0,3,1283,64615,2,2)
call B_pro(72,2021-02-04,2,0,2,1284,19503,1,1)
call B_pro(261,2021-10-22,2,1,4,1285,14581,0,1)
call B_pro(376,2021-04-12,2,0,4,1286,21726,1,1)
call B_pro(801,2021-10-01,1,0,4,1287,46763,0,1)
call B_pro(84,2021-04-15,4,0,3,1288,46569,1,3)
call B_pro(738,2021-01-20,1,1,1,1289,19662,2,2)
call B_pro(554,2021-05-03,4,0,2,1290,19059,1,3)
call B_pro(833,2021-11-29,1,0,3,1291,95732,1,4)
call B_pro(212,2021-06-21,3,0,3,1292,50120,1,1)
call B_pro(28,2021-04-27,5,0,3,1293,null,0,1)
call B_pro(427,2021-02-22,4,0,2,1294,null,0,2)
call B_pro(614,2021-06-23,3,1,4,1295,null,1,1)
call B_pro(406,2021-05-10,2,0,4,1296,60587,1,3)
call B_pro(402,2021-02-01,2,0,3,1297,80514,0,2)
call B_pro(911,2021-04-19,1,0,4,1298,36339,1,1)
call B_pro(683,2021-05-28,5,1,3,1299,74483,1,3)
call B_pro(833,2021-08-12,2,1,4,1300,56867,0,5)
call B_pro(396,2021-08-16,4,1,1,1301,25045,1,3)
call B_pro(789,2021-07-13,3,0,4,1302,31371,2,2)
call B_pro(337,2021-01-08,3,0,2,1303,34338,0,3)
call B_pro(21,2021-03-17,4,1,4,1304,48366,0,4)
call B_pro(617,2021-10-05,1,1,3,1305,null,1,1)
call B_pro(829,2021-09-04,5,0,3,1306,null,1,2)
call B_pro(655,2021-06-06,5,0,4,1307,null,1,2)
call B_pro(204,2021-03-12,1,0,2,1308,null,1,3)
call B_pro(907,2021-02-07,2,0,4,1309,null,1,3)
call B_pro(815,2021-07-21,4,1,4,1310,10876,0,2)
call B_pro(102,2021-06-09,4,0,2,1311,78350,1,2)
call B_pro(804,2021-04-10,1,1,3,1312,18107,0,2)
call B_pro(263,2021-11-27,4,1,4,1313,26493,2,4)
call B_pro(607,2021-03-27,1,0,2,1314,55095,1,1)
call B_pro(240,2021-01-13,1,1,2,1315,83157,1,1)
call B_pro(278,2021-12-13,3,0,2,1316,58147,2,3)
call B_pro(580,2021-11-17,1,0,2,1317,23711,2,2)
call B_pro(433,2021-10-01,4,0,4,1318,78325,0,1)
call B_pro(447,2021-06-03,1,0,2,1319,null,1,2)
call B_pro(919,2021-11-08,5,1,4,1320,null,1,1)
call B_pro(673,2021-02-16,3,1,3,1321,null,1,1)
call B_pro(507,2021-03-07,2,1,3,1322,null,0,2)
call B_pro(194,2021-10-01,5,0,1,1323,17113,0,2)
call B_pro(997,2021-11-05,3,1,4,1324,52545,0,1)
call B_pro(59,2021-09-29,1,1,2,1325,33904,1,1)
call B_pro(783,2021-10-25,5,0,2,1326,76793,2,1)
call B_pro(369,2021-03-13,2,1,3,1327,55510,0,2)
call B_pro(468,2021-12-23,4,1,1,1328,73244,2,3)
call B_pro(158,2021-03-10,4,1,2,1329,82272,1,3)
call B_pro(650,2021-12-23,4,1,2,1330,47550,2,3)
call B_pro(184,2021-01-10,4,1,3,1331,null,2,3)
call B_pro(836,2021-01-28,1,1,4,1332,null,0,2)
call B_pro(631,2021-05-04,5,0,1,1333,null,0,2)
call B_pro(559,2021-10-25,5,1,1,1334,null,2,3)
call B_pro(751,2021-04-06,3,1,1,1335,54512,1,2)
call B_pro(679,2021-11-08,5,1,4,1336,90645,2,1)
call B_pro(821,2021-10-19,1,0,1,1337,28583,1,1)
call B_pro(183,2021-10-16,4,1,4,1338,57009,1,2)
call B_pro(209,2021-03-25,5,1,2,1339,34364,1,1)
call B_pro(178,2021-03-04,4,1,2,1340,94470,0,1)
call B_pro(103,2021-03-09,2,0,4,1341,97831,1,2)
call B_pro(44,2021-10-30,4,1,3,1342,36920,2,2)
call B_pro(86,2021-11-03,5,1,2,1343,32807,0,3)
call B_pro(208,2021-08-05,4,1,2,1344,95077,1,1)
call B_pro(863,2021-09-15,2,0,1,1345,76352,1,1)
call B_pro(601,2021-10-31,5,0,4,1346,68540,2,2)
call B_pro(71,2021-06-09,2,0,3,1347,75360,1,4)
call B_pro(908,2021-05-24,4,1,3,1348,84748,2,1)
call B_pro(952,2021-11-27,2,0,1,1349,23106,0,1)
call B_pro(783,2021-01-18,3,0,3,1350,86828,2,2)
call B_pro(558,2021-02-25,1,0,3,1351,54103,2,1)
call B_pro(665,2021-02-13,2,0,2,1352,46474,1,1)
call B_pro(368,2021-06-10,1,0,4,1353,12154,2,3)
call B_pro(84,2021-01-30,2,1,4,1354,25948,1,4)
call B_pro(938,2021-01-28,1,0,3,1355,null,1,1)
call B_pro(47,2021-09-06,4,0,1,1356,null,1,1)
call B_pro(349,2021-06-11,1,0,2,1357,null,2,1)
call B_pro(68,2021-11-26,2,1,1,1358,null,0,1)
call B_pro(108,2021-07-29,5,1,4,1359,null,2,1)
call B_pro(807,2021-07-25,2,0,3,1360,null,0,1)
call B_pro(513,2021-10-02,4,1,3,1361,89334,0,3)
call B_pro(36,2021-01-21,3,1,4,1362,46056,0,2)
call B_pro(418,2021-01-25,1,1,3,1363,32569,2,3)
call B_pro(258,2021-09-21,3,0,3,1364,58338,0,1)
call B_pro(395,2021-11-17,5,1,2,1365,74857,0,3)
call B_pro(562,2021-08-04,2,0,1,1366,19081,2,2)
call B_pro(560,2021-08-16,4,1,3,1367,25825,2,2)
call B_pro(271,2021-11-09,2,1,4,1368,78561,0,1)
call B_pro(944,2021-06-15,5,1,4,1369,18904,0,3)
call B_pro(367,2021-09-27,4,1,4,1370,81498,0,2)
call B_pro(681,2021-06-12,4,1,1,1371,28140,1,2)
call B_pro(911,2021-08-07,3,0,4,1372,49463,1,2)
call B_pro(735,2021-06-06,4,1,3,1373,25005,0,1)
call B_pro(291,2021-11-29,5,0,2,1374,57654,0,3)
call B_pro(581,2021-08-04,2,1,1,1375,74140,2,5)
call B_pro(904,2021-09-21,4,0,4,1376,94723,0,2)
call B_pro(452,2021-03-23,1,1,3,1377,39984,0,1)
call B_pro(75,2021-05-24,2,0,2,1378,32545,2,1)
call B_pro(809,2021-11-12,3,0,1,1379,82113,0,2)
call B_pro(1,2021-06-08,5,0,2,1380,70219,1,3)
call B_pro(353,2021-03-18,1,1,2,1381,78311,0,1)
call B_pro(642,2021-10-20,1,0,1,1382,91384,1,2)
call B_pro(449,2021-12-04,1,0,2,1383,73194,1,3)
call B_pro(466,2021-01-03,2,0,1,1384,24093,0,1)
call B_pro(884,2021-11-15,3,1,2,1385,99319,2,3)
call B_pro(336,2021-10-04,1,0,3,1386,81221,2,3)
call B_pro(124,2021-06-02,1,0,1,1387,11710,0,3)
call B_pro(566,2021-05-10,1,0,3,1388,22910,2,2)
call B_pro(192,2021-07-02,2,0,2,1389,null,2,4)
call B_pro(356,2021-11-17,2,1,4,1390,null,2,3)
call B_pro(242,2021-08-20,1,1,1,1391,null,1,1)
call B_pro(712,2021-11-21,3,0,4,1392,null,1,2)
call B_pro(158,2021-06-11,1,0,1,1393,null,1,4)
call B_pro(255,2021-02-06,3,0,3,1394,null,1,3)
call B_pro(233,2021-03-10,4,0,3,1395,null,1,1)
call B_pro(972,2021-07-09,1,0,1,1396,null,0,3)
call B_pro(646,2021-04-01,1,0,3,1397,null,1,3)
call B_pro(325,2021-04-14,4,0,4,1398,74480,0,3)
call B_pro(495,2021-12-20,2,1,2,1399,48657,2,1)
call B_pro(305,2021-12-22,2,1,2,1400,57457,0,3)